<?xml version="1.0"?>
<opencv_storage>
<hog_head type_id="opencv-object-detector-hog">
  <winSize>
    48 48</winSize>
  <blockSize>
    16 16</blockSize>
  <blockStride>
    8 8</blockStride>
  <cellSize>
    8 8</cellSize>
  <nbins>9</nbins>
  <derivAperture>1</derivAperture>
  <winSigma>4.</winSigma>
  <histogramNormType>0</histogramNormType>
  <L2HysThreshold>2.0000000000000001e-01</L2HysThreshold>
  <gammaCorrection>0</gammaCorrection>
  <nlevels>64</nlevels>
  <SVMDetector>
    -2.74289995e-02 -4.18499997e-03 -5.93230017e-02 -6.59030005e-02
    -2.43549999e-02 7.49300001e-03 -3.22300009e-02 -1.47500001e-02
    8.49999997e-05 8.84260014e-02 1.49997994e-01 6.65550008e-02
    1.10539999e-02 4.53829989e-02 6.87709972e-02 -5.34400018e-03
    -2.33539995e-02 8.45600013e-03 -1.26620000e-02 1.37548000e-01
    2.49320999e-01 1.89669997e-01 2.07959991e-02 2.70500011e-03
    -1.19179999e-02 -2.01580003e-02 -1.86880007e-02 1.59959003e-01
    2.85405993e-01 2.78674006e-01 1.27149999e-01 -3.20599996e-03
    -3.04680001e-02 -5.73900007e-02 -6.49190024e-02 -5.19389994e-02
    1.50459006e-01 1.60116002e-01 1.51570002e-02 -2.26399992e-02
    5.54199982e-03 3.21719982e-02 -4.79770005e-02 -5.88149987e-02
    4.87329997e-02 2.15223998e-01 1.52351007e-01 -6.90700021e-03
    9.30500031e-03 4.09770012e-02 5.76660000e-02 -4.23219986e-02
    1.35890003e-02 1.59647003e-01 1.85868993e-01 3.01420987e-01
    1.24996997e-01 -4.89780009e-02 -1.27522007e-01 -8.53469968e-02
    -1.30426005e-01 -1.53116003e-01 -9.35399979e-02 2.12503001e-01
    1.82677001e-01 4.65440005e-02 -5.56269996e-02 -8.99450034e-02
    -4.78719994e-02 -1.09647997e-01 -7.79680014e-02 4.46569994e-02
    1.35034993e-01 4.08120006e-02 -6.34879991e-02 -3.30459997e-02
    -2.55300011e-03 -1.15729999e-02 -9.08159986e-02 1.66180003e-02
    1.52007997e-01 1.74851999e-01 6.07380010e-02 -4.37150002e-02
    -9.16999998e-04 -9.74499993e-03 -1.55339995e-02 -2.46290006e-02
    9.34680030e-02 1.90409005e-01 1.69853002e-01 1.29081994e-01
    -4.41810004e-02 -1.17187999e-01 -1.55451998e-01 -1.14632003e-01
    -1.27450004e-01 -1.92869995e-02 4.03349996e-02 1.91073999e-01
    1.28935993e-01 -4.79910001e-02 -9.51529965e-02 -1.13747001e-01
    -6.37649968e-02 -3.67299989e-02 8.84160027e-02 1.62166998e-01
    1.31459996e-01 2.70470008e-02 -1.25529999e-02 1.92230009e-02
    -3.59239988e-02 -4.91489992e-02 -4.46810015e-02 8.64629969e-02
    1.60440996e-01 3.92550007e-02 6.99899998e-03 4.79269996e-02
    7.41180032e-02 -3.27959992e-02 -7.85140023e-02 -4.83400002e-02
    6.97769970e-02 7.57329985e-02 1.28405005e-01 4.30650003e-02
    -8.76239985e-02 -1.08139999e-01 -1.31855994e-01 -6.96479976e-02
    -7.24999991e-04 1.14164002e-01 2.00340003e-01 6.93079978e-02
    -5.36619984e-02 -8.10699984e-02 -6.25649989e-02 -1.28933996e-01
    -8.06109980e-02 2.22030003e-02 1.65876001e-01 1.76064000e-01
    -3.09810005e-02 1.02070002e-02 9.52759981e-02 1.50941998e-01
    3.64300013e-02 -2.62579992e-02 -3.78249995e-02 3.52430008e-02
    1.33539997e-02 -1.36920005e-01 -9.45500005e-03 1.32489994e-01
    1.19686998e-01 3.07699991e-03 -8.63410011e-02 -8.58960003e-02
    -7.50499964e-02 -1.44348994e-01 -2.97800004e-02 -6.06280006e-02
    3.41299991e-03 1.25620002e-02 -6.36209995e-02 -1.43210003e-02
    5.00189997e-02 1.77401006e-01 9.55599993e-02 -1.28635004e-01
    -7.32650012e-02 3.44180018e-02 3.26410010e-02 -4.30000015e-02
    -2.22650003e-02 4.47980016e-02 8.07290003e-02 -3.76189984e-02
    -4.09869999e-02 1.62378997e-01 3.77077997e-01 3.22582006e-01
    5.54520003e-02 -6.19149990e-02 -6.21739998e-02 -8.05969983e-02
    -5.08919992e-02 6.15999976e-04 2.26026997e-01 3.35096985e-01
    1.44988000e-01 -7.33029991e-02 -8.29150006e-02 -9.44060013e-02
    -1.16157003e-01 -1.60088003e-01 -8.44639987e-02 4.79950011e-02
    3.29118013e-01 3.86556000e-01 1.58675000e-01 7.51700019e-03
    -8.46010000e-02 -1.22281000e-01 -9.11770016e-02 -1.52659997e-01
    -1.65219996e-02 1.50001004e-01 1.10165998e-01 -2.86270007e-02
    -4.56480011e-02 -1.05564997e-01 -1.35371998e-01 -1.56074002e-01
    1.15585998e-01 2.04961002e-01 1.98528007e-01 5.88379987e-02
    -5.96619993e-02 -3.42749991e-02 -4.52959985e-02 -7.42110014e-02
    -9.03199986e-02 1.25459999e-01 1.92902997e-01 1.45106003e-01
    3.94079983e-02 -5.31620011e-02 -2.13899999e-03 -3.76579985e-02
    -4.20139991e-02 -4.89480011e-02 -1.03488997e-01 1.15850000e-02
    8.79869983e-02 3.87360007e-02 -3.13250013e-02 -3.97580005e-02
    -6.41689971e-02 -7.31279999e-02 -1.26022995e-01 -4.91259992e-02
    4.93439995e-02 5.68340011e-02 4.09509987e-02 -3.51030007e-02
    -1.46800000e-03 -5.32100014e-02 -8.01870003e-02 -1.31487995e-01
    7.29719996e-02 1.19290002e-01 5.87100014e-02 9.49699990e-03
    -6.33879974e-02 -9.21100006e-03 -1.61220003e-02 8.23100004e-03
    -2.88420003e-02 1.09825000e-01 1.53564006e-01 8.49009976e-02
    4.30440009e-02 -8.08199961e-03 9.49539989e-02 6.65090010e-02
    7.61549994e-02 6.92420006e-02 -4.82899994e-02 2.99360007e-02
    -7.97499996e-03 -9.74799972e-03 -4.63819988e-02 2.35900003e-03
    -4.64630015e-02 -7.19079971e-02 -1.21361002e-01 -4.41400008e-03
    2.42960006e-02 4.33829986e-02 7.13699982e-02 3.08699999e-02
    1.08062997e-01 2.18020007e-02 -7.23999983e-04 -5.70710003e-02
    7.65070021e-02 2.24530008e-02 -3.09430007e-02 -3.43960002e-02
    -4.67149988e-02 6.31280020e-02 7.18469992e-02 1.27357006e-01
    1.49254993e-01 5.34630008e-02 -4.18200009e-02 1.16200000e-03
    9.17199999e-03 -2.75650006e-02 3.91350016e-02 9.62319970e-02
    1.97741002e-01 1.65044993e-01 -9.80299991e-03 -1.47599997e-02
    1.88800003e-02 4.55459990e-02 3.32759991e-02 5.78630008e-02
    3.60699999e-03 -2.23890003e-02 -1.30550005e-02 -3.61879990e-02
    -5.22969998e-02 -4.83499980e-03 6.93000033e-02 3.73740010e-02
    5.58470003e-02 1.25610000e-02 2.89229993e-02 -7.67000020e-03
    -7.93009996e-02 -7.99430013e-02 -2.94189993e-02 -1.46469995e-02
    -3.57809998e-02 1.16010001e-02 9.94239971e-02 1.96503997e-01
    7.93860033e-02 -1.28867000e-01 -7.93870017e-02 2.06460003e-02
    2.64940001e-02 -1.93230007e-02 4.59589995e-02 1.73489004e-01
    1.38276994e-01 -8.39299988e-03 -1.06083997e-01 -9.37279984e-02
    -5.68999983e-02 3.12779993e-02 3.37309986e-02 5.81220016e-02
    3.83800007e-02 6.36069998e-02 -3.88329998e-02 -1.22960001e-01
    -1.27596006e-01 -7.66469985e-02 -1.62659995e-02 2.45319996e-02
    8.77519995e-02 1.37715995e-01 1.09066002e-01 -2.24520005e-02
    -7.92390034e-02 -8.04869980e-02 1.57702997e-01 3.41574013e-01
    2.63590991e-01 1.77231997e-01 -2.25079991e-02 -8.50450024e-02
    -5.93749993e-02 -1.26866996e-01 -8.39579999e-02 2.34919991e-02
    8.75060037e-02 2.91760005e-02 2.38039996e-02 -4.56749983e-02
    -9.83960032e-02 -1.03591003e-01 -1.10711999e-01 -1.06950998e-01
    -2.51490008e-02 2.06946000e-01 2.63209999e-01 2.95249999e-01
    1.70940995e-01 -3.33959982e-02 -7.44099990e-02 -1.19424000e-01
    -9.56560001e-02 -5.66029996e-02 5.29490001e-02 4.43309993e-02
    1.21642001e-01 6.39109984e-02 -8.94999970e-03 -9.39750001e-02
    -6.11159988e-02 -4.18879986e-02 1.63979996e-02 4.44989987e-02
    1.96170006e-02 3.72789986e-02 -1.53510002e-02 -1.44619998e-02
    -4.19050008e-02 -1.01930998e-01 -1.15090003e-02 3.71199995e-02
    6.52690008e-02 -2.11180001e-02 4.37779985e-02 -4.98699993e-02
    -6.15460016e-02 -1.03439003e-01 -7.82359987e-02 -7.68470019e-02
    -3.28000002e-02 5.74029982e-02 3.92379984e-02 9.76490006e-02
    9.74219963e-02 2.13089995e-02 -3.64699997e-02 -1.18104003e-01
    -6.75180033e-02 -2.25299993e-03 5.75009994e-02 2.99549997e-02
    9.05060023e-02 9.48780030e-02 5.61010018e-02 -8.03309977e-02
    -9.64649990e-02 -9.00399964e-03 -9.82800033e-03 -1.11199999e-02
    -5.28259985e-02 7.51829967e-02 2.18969993e-02 -5.26999997e-04
    -7.85359964e-02 1.30449999e-02 6.46890029e-02 5.37809990e-02
    7.18920007e-02 1.19169997e-02 1.13958001e-01 1.00635000e-01
    7.17109963e-02 2.30950005e-02 -1.12218998e-01 -1.52489999e-02
